Matrix A:
[[1. 0. 0. 0. 0.]
 [0. 2. 0. 0. 0.]
 [0. 0. 3. 0. 0.]
 [0. 0. 0. 4. 0.]
 [0. 0. 0. 0. 5.]]

Pivot_type = none

Matrix L:
[[1. 0. 0. 0. 0.]
 [0. 1. 0. 0. 0.]
 [0. 0. 1. 0. 0.]
 [0. 0. 0. 1. 0.]
 [0. 0. 0. 0. 1.]]

Matrix U:
[[1. 0. 0. 0. 0.]
 [0. 2. 0. 0. 0.]
 [0. 0. 3. 0. 0.]
 [0. 0. 0. 4. 0.]
 [0. 0. 0. 0. 5.]]

Check LU - A:
[[0. 0. 0. 0. 0.]
 [0. 0. 0. 0. 0.]
 [0. 0. 0. 0. 0.]
 [0. 0. 0. 0. 0.]
 [0. 0. 0. 0. 0.]]
Matrix A:
[[1. 0. 0. 0. 0.]
 [0. 2. 0. 0. 0.]
 [0. 0. 3. 0. 0.]
 [0. 0. 0. 4. 0.]
 [0. 0. 0. 0. 5.]]

Pivot_type = partial

Matrix L:
[[1. 0. 0. 0. 0.]
 [0. 1. 0. 0. 0.]
 [0. 0. 1. 0. 0.]
 [0. 0. 0. 1. 0.]
 [0. 0. 0. 0. 1.]]

Matrix U:
[[1. 0. 0. 0. 0.]
 [0. 2. 0. 0. 0.]
 [0. 0. 3. 0. 0.]
 [0. 0. 0. 4. 0.]
 [0. 0. 0. 0. 5.]]

Check LU - A:
[[0. 0. 0. 0. 0.]
 [0. 0. 0. 0. 0.]
 [0. 0. 0. 0. 0.]
 [0. 0. 0. 0. 0.]
 [0. 0. 0. 0. 0.]]
Matrix A:
[[1. 0. 0. 0. 0.]
 [0. 2. 0. 0. 0.]
 [0. 0. 3. 0. 0.]
 [0. 0. 0. 4. 0.]
 [0. 0. 0. 0. 5.]]

Pivot_type = complete

Matrix L:
[[1. 0. 0. 0. 0.]
 [0. 1. 0. 0. 0.]
 [0. 0. 1. 0. 0.]
 [0. 0. 0. 1. 0.]
 [0. 0. 0. 0. 1.]]

Matrix U:
[[1. 0. 0. 0. 0.]
 [0. 2. 0. 0. 0.]
 [0. 0. 3. 0. 0.]
 [0. 0. 0. 4. 0.]
 [0. 0. 0. 0. 5.]]

Check LU - A:
[[0. 0. 0. 0. 0.]
 [0. 0. 0. 0. 0.]
 [0. 0. 0. 0. 0.]
 [0. 0. 0. 0. 0.]
 [0. 0. 0. 0. 0.]]


 Matrix A:
[[0. 0. 0. 0. 5.]
 [0. 0. 0. 4. 0.]
 [0. 0. 3. 0. 0.]
 [0. 2. 0. 0. 0.]
 [1. 0. 0. 0. 0.]]
c:\codestuffs\Numerical-Linear-Algebra\hw2\empirical2.py:23: RuntimeWarning: invalid value encountered in scalar divide
  L[i][k] = U[i][k] / U[k][k]
c:\codestuffs\Numerical-Linear-Algebra\hw2\empirical2.py:23: RuntimeWarning: divide by zero encountered in scalar divide
  L[i][k] = U[i][k] / U[k][k]
c:\codestuffs\Numerical-Linear-Algebra\hw2\empirical2.py:26: RuntimeWarning: invalid value encountered in scalar multiply
  U[i][j] -= L[i][k] * U[k][j]

Pivot_type = none

Matrix L:
[[ 1.  0.  0.  0.  0.]
 [nan  1.  0.  0.  0.]
 [nan nan  1.  0.  0.]
 [nan nan nan  1.  0.]
 [inf nan nan nan  1.]]

Matrix U:
[[ 0.  0.  0.  0.  5.]
 [ 0. nan nan nan nan]
 [ 0.  0. nan nan nan]
 [ 0.  0.  0. nan nan]
 [ 0.  0.  0.  0. nan]]

Check LU - A:
c:\codestuffs\Numerical-Linear-Algebra\hw2\empirical2.py:110: RuntimeWarning: invalid value encountered in matmul
  print(L @ U - P@A@Q)
[[ 0. nan nan nan nan]
 [nan nan nan nan nan]
 [nan nan nan nan nan]
 [nan nan nan nan nan]
 [nan nan nan nan nan]]
Matrix A:
[[0. 0. 0. 0. 5.]
 [0. 0. 0. 4. 0.]
 [0. 0. 3. 0. 0.]
 [0. 2. 0. 0. 0.]
 [1. 0. 0. 0. 0.]]

Pivot_type = partial

Matrix L:
[[1. 0. 0. 0. 0.]
 [0. 1. 0. 0. 0.]
 [0. 0. 1. 0. 0.]
 [0. 0. 0. 1. 0.]
 [0. 0. 0. 0. 1.]]

Matrix U:
[[1. 0. 0. 0. 0.]
 [0. 2. 0. 0. 0.]
 [0. 0. 3. 0. 0.]
 [0. 0. 0. 4. 0.]
 [0. 0. 0. 0. 5.]]

Check LU - A:
[[0. 0. 0. 0. 0.]
 [0. 0. 0. 0. 0.]
 [0. 0. 0. 0. 0.]
 [0. 0. 0. 0. 0.]
 [0. 0. 0. 0. 0.]]
Matrix A:
[[0. 0. 0. 0. 5.]
 [0. 0. 0. 4. 0.]
 [0. 0. 3. 0. 0.]
 [0. 2. 0. 0. 0.]
 [1. 0. 0. 0. 0.]]

Pivot_type = complete

Matrix L:
[[1. 0. 0. 0. 0.]
 [0. 1. 0. 0. 0.]
 [0. 0. 1. 0. 0.]
 [0. 0. 0. 1. 0.]
 [0. 0. 0. 0. 1.]]

Matrix U:
[[5. 0. 0. 0. 0.]
 [0. 4. 0. 0. 0.]
 [0. 0. 3. 0. 0.]
 [0. 0. 0. 2. 0.]
 [0. 0. 0. 0. 1.]]

Check LU - A:
[[0. 0. 0. 0. 0.]
 [0. 0. 0. 0. 0.]
 [0. 0. 0. 0. 0.]
 [0. 0. 0. 0. 0.]
 [0. 0. 0. 0. 0.]]

 Matrix A:
[[1. 0. 0. 0. 5.]
 [0. 2. 0. 4. 0.]
 [0. 0. 3. 0. 0.]
 [0. 2. 0. 4. 0.]
 [1. 0. 0. 0. 5.]]

Pivot_type = none

Matrix L:
[[1. 0. 0. 0. 0.]
 [0. 1. 0. 0. 0.]
 [0. 0. 1. 0. 0.]
 [0. 1. 0. 1. 0.]
 [1. 0. 0. 0. 1.]]

Matrix U:
[[1. 0. 0. 0. 5.]
 [0. 2. 0. 4. 0.]
 [0. 0. 3. 0. 0.]
 [0. 0. 0. 0. 0.]
 [0. 0. 0. 0. 0.]]

Check LU - A:
[[0. 0. 0. 0. 0.]
 [0. 0. 0. 0. 0.]
 [0. 0. 0. 0. 0.]
 [0. 0. 0. 0. 0.]
 [0. 0. 0. 0. 0.]]
Matrix A:
[[1. 0. 0. 0. 5.]
 [0. 2. 0. 4. 0.]
 [0. 0. 3. 0. 0.]
 [0. 2. 0. 4. 0.]
 [1. 0. 0. 0. 5.]]

Pivot_type = partial

Matrix L:
[[1. 0. 0. 0. 0.]
 [0. 1. 0. 0. 0.]
 [0. 0. 1. 0. 0.]
 [0. 1. 0. 1. 0.]
 [1. 0. 0. 0. 1.]]

Matrix U:
[[1. 0. 0. 0. 5.]
 [0. 2. 0. 4. 0.]
 [0. 0. 3. 0. 0.]
 [0. 0. 0. 0. 0.]
 [0. 0. 0. 0. 0.]]

Check LU - A:
[[0. 0. 0. 0. 0.]
 [0. 0. 0. 0. 0.]
 [0. 0. 0. 0. 0.]
 [0. 0. 0. 0. 0.]
 [0. 0. 0. 0. 0.]]
Matrix A:
[[1. 0. 0. 0. 5.]
 [0. 2. 0. 4. 0.]
 [0. 0. 3. 0. 0.]
 [0. 2. 0. 4. 0.]
 [1. 0. 0. 0. 5.]]

Pivot_type = complete

Matrix L:
[[1. 0. 0. 0. 0.]
 [0. 1. 0. 0. 0.]
 [0. 0. 1. 0. 0.]
 [0. 1. 0. 1. 0.]
 [1. 0. 0. 0. 1.]]

Matrix U:
[[1. 0. 0. 0. 5.]
 [0. 2. 0. 4. 0.]
 [0. 0. 3. 0. 0.]
 [0. 0. 0. 0. 0.]
 [0. 0. 0. 0. 0.]]

Check LU - A:
[[0. 0. 0. 0. 0.]
 [0. 0. 0. 0. 0.]
 [0. 0. 0. 0. 0.]
 [0. 0. 0. 0. 0.]
 [0. 0. 0. 0. 0.]]

 Matrix A:
[[1.         0.         0.         0.         0.        ]
 [0.2310987  1.         0.         0.         0.        ]
 [0.3565646  0.80605651 1.         0.         0.        ]
 [0.69765169 0.70239124 0.59698293 1.         0.        ]
 [0.69539037 0.35558103 0.11653569 0.50299831 1.        ]]

Pivot_type = none

Matrix L:
[[1.         0.         0.         0.         0.        ]
 [0.2310987  1.         0.         0.         0.        ]
 [0.3565646  0.80605651 1.         0.         0.        ]
 [0.69765169 0.70239124 0.59698293 1.         0.        ]
 [0.69539037 0.35558103 0.11653569 0.50299831 1.        ]]

Matrix U:
[[1. 0. 0. 0. 0.]
 [0. 1. 0. 0. 0.]
 [0. 0. 1. 0. 0.]
 [0. 0. 0. 1. 0.]
 [0. 0. 0. 0. 1.]]

Check LU - A:
[[0. 0. 0. 0. 0.]
 [0. 0. 0. 0. 0.]
 [0. 0. 0. 0. 0.]
 [0. 0. 0. 0. 0.]
 [0. 0. 0. 0. 0.]]
Matrix A:
[[1.         0.         0.         0.         0.        ]
 [0.1657982  1.         0.         0.         0.        ]
 [0.97795225 0.85504401 1.         0.         0.        ]
 [0.00199826 0.51717578 0.38902584 1.         0.        ]
 [0.09084907 0.39255154 0.30799411 0.86379148 1.        ]]

Pivot_type = partial

Matrix L:
[[1.         0.         0.         0.         0.        ]
 [0.1657982  1.         0.         0.         0.        ]
 [0.97795225 0.85504401 1.         0.         0.        ]
 [0.00199826 0.51717578 0.38902584 1.         0.        ]
 [0.09084907 0.39255154 0.30799411 0.86379148 1.        ]]

Matrix U:
[[1. 0. 0. 0. 0.]
 [0. 1. 0. 0. 0.]
 [0. 0. 1. 0. 0.]
 [0. 0. 0. 1. 0.]
 [0. 0. 0. 0. 1.]]

Check LU - A:
[[0. 0. 0. 0. 0.]
 [0. 0. 0. 0. 0.]
 [0. 0. 0. 0. 0.]
 [0. 0. 0. 0. 0.]
 [0. 0. 0. 0. 0.]]
Matrix A:
[[1.         0.         0.         0.         0.        ]
 [0.6071655  1.         0.         0.         0.        ]
 [0.172593   0.68302431 1.         0.         0.        ]
 [0.02058875 0.26515898 0.31797654 1.         0.        ]
 [0.25846826 0.3924346  0.71268321 0.74442618 1.        ]]

Pivot_type = complete

Matrix L:
[[1.         0.         0.         0.         0.        ]
 [0.6071655  1.         0.         0.         0.        ]
 [0.172593   0.68302431 1.         0.         0.        ]
 [0.02058875 0.26515898 0.31797654 1.         0.        ]
 [0.25846826 0.3924346  0.71268321 0.74442618 1.        ]]

Matrix U:
[[1. 0. 0. 0. 0.]
 [0. 1. 0. 0. 0.]
 [0. 0. 1. 0. 0.]
 [0. 0. 0. 1. 0.]
 [0. 0. 0. 0. 1.]]

Check LU - A:
[[0. 0. 0. 0. 0.]
 [0. 0. 0. 0. 0.]
 [0. 0. 0. 0. 0.]
 [0. 0. 0. 0. 0.]
 [0. 0. 0. 0. 0.]]

 Matrix A:
[[7 0 0 0 0]
 [6 7 0 0 0]
 [3 6 4 0 0]
 [2 6 3 2 0]
 [6 7 1 5 8]]

Pivot_type = none

Matrix L:
[[1.         0.         0.         0.         0.        ]
 [0.85714286 1.         0.         0.         0.        ]
 [0.42857143 0.85714286 1.         0.         0.        ]
 [0.28571429 0.85714286 0.75       1.         0.        ]
 [0.85714286 1.         0.25       2.5        1.        ]]

Matrix U:
[[7 0 0 0 0]
 [0 7 0 0 0]
 [0 0 4 0 0]
 [0 0 0 2 0]
 [0 0 0 0 8]]

Check LU - A:
[[0. 0. 0. 0. 0.]
 [0. 0. 0. 0. 0.]
 [0. 0. 0. 0. 0.]
 [0. 0. 0. 0. 0.]
 [0. 0. 0. 0. 0.]]
Matrix A:
[[7 0 0 0 0]
 [6 7 0 0 0]
 [3 6 4 0 0]
 [2 6 3 2 0]
 [6 7 1 5 8]]

Pivot_type = partial

Matrix L:
[[1.         0.         0.         0.         0.        ]
 [0.85714286 1.         0.         0.         0.        ]
 [0.42857143 0.85714286 1.         0.         0.        ]
 [0.28571429 0.85714286 0.75       1.         0.        ]
 [0.85714286 1.         0.25       0.4        1.        ]]

Matrix U:
[[ 7  0  0  0  0]
 [ 0  7  0  0  0]
 [ 0  0  4  0  0]
 [ 0  0  0  5  8]
 [ 0  0  0  0 -3]]

Check LU - A:
[[ 0.   0.   0.   0.   0. ]
 [ 0.   0.   0.   0.   0. ]
 [ 0.   0.   0.   0.   0. ]
 [-4.  -1.   2.   0.   0. ]
 [ 4.   1.  -2.   0.   0.2]]
Matrix A:
[[7 0 0 0 0]
 [6 7 0 0 0]
 [3 6 4 0 0]
 [2 6 3 2 0]
 [6 7 1 5 8]]

Pivot_type = complete

Matrix L:
[[1.         0.         0.         0.         0.        ]
 [0.         1.         0.         0.         0.        ]
 [0.         0.42857143 1.         0.         0.        ]
 [0.         0.28571429 0.85714286 1.         0.        ]
 [0.         0.85714286 0.85714286 0.75       1.        ]]

Matrix U:
[[8 6 7 1 5]
 [0 7 0 0 0]
 [0 0 7 0 0]
 [0 0 0 4 0]
 [0 0 0 0 2]]

Check LU - A:
[[ 0.  0.  0.  0.  0.]
 [ 0.  0.  0.  0.  0.]
 [ 0. -3.  0.  0.  0.]
 [ 0. -1.  0.  0.  0.]
 [ 0.  4.  0.  0.  0.]]

 Matrix A:
[[ 9.64530885  0.98498416  0.          0.          0.        ]
 [ 0.61717975  3.69373804  0.59040206  0.          0.        ]
 [ 0.          0.3319961  16.16586806  0.89901906  0.        ]
 [ 0.          0.          0.27857044 20.67091966  0.55547105]
 [ 0.          0.          0.          0.38079254  7.79505442]]

Pivot_type = none

Matrix L:
[[1.         0.         0.         0.         0.        ]
 [0.06398756 1.         0.         0.         0.        ]
 [0.         0.08988079 1.         0.         0.        ]
 [0.         0.         0.01723201 1.         0.        ]
 [0.         0.         0.         0.01842165 1.        ]]

Matrix U:
[[ 9.64530885  0.98498416  0.          0.          0.        ]
 [ 0.          3.63071131  0.59040206  0.          0.        ]
 [ 0.          0.         16.11280226  0.89901906  0.        ]
 [ 0.          0.          0.         20.65542775  0.55547105]
 [ 0.          0.          0.          0.          7.78482172]]

Check LU - A:
[[ 0.          0.          0.          0.          0.        ]
 [ 0.          0.          0.          0.          0.        ]
 [ 0.         -0.00566489  0.          0.          0.        ]
 [ 0.          0.         -0.00091443  0.          0.        ]
 [ 0.          0.          0.         -0.00028539  0.        ]]
Matrix A:
[[ 9.64530885  0.98498416  0.          0.          0.        ]
 [ 0.61717975  3.69373804  0.59040206  0.          0.        ]
 [ 0.          0.3319961  16.16586806  0.89901906  0.        ]
 [ 0.          0.          0.27857044 20.67091966  0.55547105]
 [ 0.          0.          0.          0.38079254  7.79505442]]

Pivot_type = partial

Matrix L:
[[1.         0.         0.         0.         0.        ]
 [0.06398756 1.         0.         0.         0.        ]
 [0.         0.08988079 1.         0.         0.        ]
 [0.         0.         0.01723201 1.         0.        ]
 [0.         0.         0.         0.01842165 1.        ]]

Matrix U:
[[ 9.64530885  0.98498416  0.          0.          0.        ]
 [ 0.          3.63071131  0.59040206  0.          0.        ]
 [ 0.          0.         16.11280226  0.89901906  0.        ]
 [ 0.          0.          0.         20.65542775  0.55547105]
 [ 0.          0.          0.          0.          7.78482172]]

Check LU - A:
[[ 0.          0.          0.          0.          0.        ]
 [ 0.          0.          0.          0.          0.        ]
 [ 0.         -0.00566489  0.          0.          0.        ]
 [ 0.          0.         -0.00091443  0.          0.        ]
 [ 0.          0.          0.         -0.00028539  0.        ]]
Matrix A:
[[ 9.64530885  0.98498416  0.          0.          0.        ]
 [ 0.61717975  3.69373804  0.59040206  0.          0.        ]
 [ 0.          0.3319961  16.16586806  0.89901906  0.        ]
 [ 0.          0.          0.27857044 20.67091966  0.55547105]
 [ 0.          0.          0.          0.38079254  7.79505442]]

Pivot_type = complete

Matrix L:
[[1.         0.         0.         0.         0.        ]
 [0.06398756 1.         0.         0.         0.        ]
 [0.         0.08988079 1.         0.         0.        ]
 [0.         0.         0.01723201 1.         0.        ]
 [0.         0.         0.         0.01842165 1.        ]]

Matrix U:
[[ 9.64530885  0.98498416  0.          0.          0.        ]
 [ 0.          3.63071131  0.59040206  0.          0.        ]
 [ 0.          0.         16.11280226  0.89901906  0.        ]
 [ 0.          0.          0.         20.65542775  0.55547105]
 [ 0.          0.          0.          0.          7.78482172]]

Check LU - A:
[[ 0.          0.          0.          0.          0.        ]
 [ 0.          0.          0.          0.          0.        ]
 [ 0.         -0.00566489  0.          0.          0.        ]
 [ 0.          0.         -0.00091443  0.          0.        ]
 [ 0.          0.          0.         -0.00028539  0.        ]]

 Matrix A:
[[ 1.  0.  0.  0.  1.]
 [-1.  1.  0.  0.  1.]
 [-1. -1.  1.  0.  1.]
 [-1. -1. -1.  1.  1.]
 [-1. -1. -1. -1.  1.]]

Pivot_type = none

Matrix L:
[[ 1.  0.  0.  0.  0.]
 [-1.  1.  0.  0.  0.]
 [-1. -1.  1.  0.  0.]
 [-1. -1. -1.  1.  0.]
 [-1. -1. -1. -1.  1.]]

Matrix U:
[[ 1.  0.  0.  0.  1.]
 [ 0.  1.  0.  0.  2.]
 [ 0.  0.  1.  0.  4.]
 [ 0.  0.  0.  1.  8.]
 [ 0.  0.  0.  0. 16.]]

Check LU - A:
[[0. 0. 0. 0. 0.]
 [0. 0. 0. 0. 0.]
 [0. 0. 0. 0. 0.]
 [0. 0. 0. 0. 0.]
 [0. 0. 0. 0. 0.]]
Matrix A:
[[ 1.  0.  0.  0.  1.]
 [-1.  1.  0.  0.  1.]
 [-1. -1.  1.  0.  1.]
 [-1. -1. -1.  1.  1.]
 [-1. -1. -1. -1.  1.]]

Pivot_type = partial

Matrix L:
[[ 1.  0.  0.  0.  0.]
 [-1.  1.  0.  0.  0.]
 [-1. -1.  1.  0.  0.]
 [-1. -1. -1.  1.  0.]
 [-1. -1. -1. -1.  1.]]

Matrix U:
[[ 1.  0.  0.  0.  1.]
 [ 0.  1.  0.  0.  2.]
 [ 0.  0.  1.  0.  4.]
 [ 0.  0.  0.  1.  8.]
 [ 0.  0.  0.  0. 16.]]

Check LU - A:
[[0. 0. 0. 0. 0.]
 [0. 0. 0. 0. 0.]
 [0. 0. 0. 0. 0.]
 [0. 0. 0. 0. 0.]
 [0. 0. 0. 0. 0.]]
Matrix A:
[[ 1.  0.  0.  0.  1.]
 [-1.  1.  0.  0.  1.]
 [-1. -1.  1.  0.  1.]
 [-1. -1. -1.  1.  1.]
 [-1. -1. -1. -1.  1.]]

Pivot_type = complete

Matrix L:
[[1. 0. 0. 0. 0.]
 [1. 1. 0. 0. 0.]
 [1. 0. 1. 0. 0.]
 [1. 0. 0. 1. 0.]
 [1. 0. 0. 0. 1.]]

Matrix U:
[[ 1. -1. -1. -1. -1.]
 [ 0.  2.  1.  1.  1.]
 [ 0.  0.  2.  1.  1.]
 [ 0.  0.  0.  2.  1.]
 [ 0.  0.  0.  0.  2.]]

Check LU - A:
[[0. 0. 0. 0. 0.]
 [0. 0. 0. 0. 0.]
 [0. 0. 0. 0. 0.]
 [0. 0. 0. 0. 0.]
 [0. 0. 0. 0. 0.]]

 Matrix A:
[[18.80007194  0.65455766  0.          0.          0.        ]
 [ 0.91403137  4.83159963  0.45415092  0.          0.        ]
 [ 0.          0.05398107 18.79939864  0.41209434  0.        ]
 [ 0.          0.          0.61571663  6.03651234  0.43307035]
 [ 0.          0.          0.          0.21207263 19.62731835]]

Pivot_type = none

Matrix L:
[[1.         0.         0.         0.         0.        ]
 [0.0486185  1.         0.         0.         0.        ]
 [0.         0.01124658 1.         0.         0.        ]
 [0.         0.         0.03276083 1.         0.        ]
 [0.         0.         0.         0.0352104  1.        ]]

Matrix U:
[[18.80007194  0.65455766  0.          0.          0.        ]
 [ 0.          4.79977601  0.45415092  0.          0.        ]
 [ 0.          0.         18.79429099  0.41209434  0.        ]
 [ 0.          0.          0.          6.02301178  0.43307035]
 [ 0.          0.          0.          0.         19.61206977]]

Check LU - A:
[[0.00000000e+00 0.00000000e+00 0.00000000e+00 0.00000000e+00
  0.00000000e+00]
 [1.11022302e-16 0.00000000e+00 0.00000000e+00 0.00000000e+00
  0.00000000e+00]
 [0.00000000e+00 6.93889390e-18 0.00000000e+00 0.00000000e+00
  0.00000000e+00]
 [0.00000000e+00 0.00000000e+00 0.00000000e+00 0.00000000e+00
  0.00000000e+00]
 [0.00000000e+00 0.00000000e+00 0.00000000e+00 0.00000000e+00
  0.00000000e+00]]
Matrix A:
[[18.80007194  0.65455766  0.          0.          0.        ]
 [ 0.91403137  4.83159963  0.45415092  0.          0.        ]
 [ 0.          0.05398107 18.79939864  0.41209434  0.        ]
 [ 0.          0.          0.61571663  6.03651234  0.43307035]
 [ 0.          0.          0.          0.21207263 19.62731835]]

Pivot_type = partial

Matrix L:
[[1.         0.         0.         0.         0.        ]
 [0.0486185  1.         0.         0.         0.        ]
 [0.         0.01124658 1.         0.         0.        ]
 [0.         0.         0.03276083 1.         0.        ]
 [0.         0.         0.         0.0352104  1.        ]]

Matrix U:
[[18.80007194  0.65455766  0.          0.          0.        ]
 [ 0.          4.79977601  0.45415092  0.          0.        ]
 [ 0.          0.         18.79429099  0.41209434  0.        ]
 [ 0.          0.          0.          6.02301178  0.43307035]
 [ 0.          0.          0.          0.         19.61206977]]

Check LU - A:
[[0.00000000e+00 0.00000000e+00 0.00000000e+00 0.00000000e+00
  0.00000000e+00]
 [1.11022302e-16 0.00000000e+00 0.00000000e+00 0.00000000e+00
  0.00000000e+00]
 [0.00000000e+00 6.93889390e-18 0.00000000e+00 0.00000000e+00
  0.00000000e+00]
 [0.00000000e+00 0.00000000e+00 0.00000000e+00 0.00000000e+00
  0.00000000e+00]
 [0.00000000e+00 0.00000000e+00 0.00000000e+00 0.00000000e+00
  0.00000000e+00]]
Matrix A:
[[18.80007194  0.65455766  0.          0.          0.        ]
 [ 0.91403137  4.83159963  0.45415092  0.          0.        ]
 [ 0.          0.05398107 18.79939864  0.41209434  0.        ]
 [ 0.          0.          0.61571663  6.03651234  0.43307035]
 [ 0.          0.          0.          0.21207263 19.62731835]]

Pivot_type = complete

Matrix L:
[[ 1.          0.          0.          0.          0.        ]
 [ 0.          1.          0.          0.          0.        ]
 [ 0.          0.          1.          0.          0.        ]
 [ 0.02206467  0.          0.03275193  1.          0.        ]
 [ 0.          0.0486185   0.02415774 -0.00165416  1.        ]]

Matrix U:
[[ 1.96273183e+01  0.00000000e+00  0.00000000e+00  2.12072631e-01
   0.00000000e+00]
 [ 0.00000000e+00  1.88000719e+01  0.00000000e+00  0.00000000e+00
   6.54557657e-01]
 [ 0.00000000e+00  0.00000000e+00  1.87993986e+01  4.12094338e-01
   5.39810657e-02]
 [ 0.00000000e+00  0.00000000e+00  0.00000000e+00  6.01833614e+00
  -1.76798419e-03]
 [ 0.00000000e+00  0.00000000e+00  0.00000000e+00  0.00000000e+00
   4.79846903e+00]]

Check LU - A:
[[0.00000000e+00 0.00000000e+00 0.00000000e+00 0.00000000e+00
  0.00000000e+00]
 [0.00000000e+00 0.00000000e+00 0.00000000e+00 0.00000000e+00
  0.00000000e+00]
 [0.00000000e+00 0.00000000e+00 0.00000000e+00 0.00000000e+00
  0.00000000e+00]
 [0.00000000e+00 0.00000000e+00 0.00000000e+00 0.00000000e+00
  0.00000000e+00]
 [0.00000000e+00 1.11022302e-16 0.00000000e+00 1.30219356e-19
  0.00000000e+00]]